   0.0000000e+00   4.0728833e-01   9.4103639e-01   1.0000000e+00   1.0000000e+00   5.8570944e-01   4.8713172e-01   2.2876928e-01   1.0000000e+00   6.7238549e-01   1.0000000e+00   1.0000000e+00   7.5830667e-01   0.0000000e+00   9.0640764e-01   8.7302237e-01   3.3811805e-02   1.0000000e+00   9.0626235e-01   2.3355491e-01   1.0000000e+00   5.8988661e-01   6.9251230e-01   7.3883497e-01   4.9657826e-01   7.0291489e-01   3.7762065e-01   1.0000000e+00   9.8055139e-01   1.0000000e+00   0.0000000e+00   1.0000000e+00   1.0000000e+00
   8.5769790e-01   0.0000000e+00   1.0452952e-03   1.0935528e-03   0.0000000e+00   0.0000000e+00   0.0000000e+00   0.0000000e+00   0.0000000e+00   0.0000000e+00   0.0000000e+00   5.8622357e-03   0.0000000e+00   0.0000000e+00   0.0000000e+00   0.0000000e+00   0.0000000e+00   2.6605952e-02   0.0000000e+00   0.0000000e+00   0.0000000e+00   0.0000000e+00   9.4036101e-04   0.0000000e+00   0.0000000e+00   0.0000000e+00   0.0000000e+00   0.0000000e+00   0.0000000e+00   1.7703151e-02   8.5769790e-01  -7.3776139e-01   1.0000000e+00
   0.0000000e+00   7.0431353e-03   7.1060168e-04   3.0247019e-02   7.8284435e-04   2.2246563e-05   2.3693827e-03   1.9279961e-02   0.0000000e+00   1.2150230e-01   2.1783465e-03   1.2743968e-04   2.3777075e-04   0.0000000e+00   1.0712189e-02   3.8271552e-02   1.4766592e-04   1.5347565e-03   0.0000000e+00   3.5558602e-03   0.0000000e+00   1.2825091e-04   0.0000000e+00   1.0898166e-01   2.3622022e-01   1.6741741e-01   3.8596569e-03   3.3564956e-04   0.0000000e+00   1.3718072e-01   0.0000000e+00   1.0000000e+00   1.0000000e+00
   6.2539543e-01   0.0000000e+00   0.0000000e+00   0.0000000e+00   0.0000000e+00   1.2265680e-01   1.3850116e-02   0.0000000e+00   0.0000000e+00   3.1887182e-02   0.0000000e+00   0.0000000e+00   0.0000000e+00   0.0000000e+00   0.0000000e+00   5.4930114e-02   0.0000000e+00   0.0000000e+00   0.0000000e+00   0.0000000e+00   0.0000000e+00   0.0000000e+00   1.7447284e-02   0.0000000e+00   0.0000000e+00   0.0000000e+00   0.0000000e+00   0.0000000e+00   0.0000000e+00   0.0000000e+00   6.2539543e-01  -1.7938736e-01   1.0000000e+00
   4.4556469e-01   0.0000000e+00   0.0000000e+00   0.0000000e+00   0.0000000e+00   0.0000000e+00   0.0000000e+00   0.0000000e+00   0.0000000e+00   0.0000000e+00   0.0000000e+00   0.0000000e+00   0.0000000e+00   4.3705611e-03   0.0000000e+00   0.0000000e+00   0.0000000e+00   0.0000000e+00   0.0000000e+00   0.0000000e+00   0.0000000e+00   0.0000000e+00   0.0000000e+00   0.0000000e+00   0.0000000e+00   0.0000000e+00   0.0000000e+00   0.0000000e+00   0.0000000e+00   0.0000000e+00   4.4556469e-01  -1.0770264e-01   1.0000000e+00
   8.2414245e-01   0.0000000e+00   0.0000000e+00   0.0000000e+00   0.0000000e+00   0.0000000e+00   0.0000000e+00   0.0000000e+00   0.0000000e+00   0.0000000e+00   0.0000000e+00   0.0000000e+00   0.0000000e+00   0.0000000e+00   0.0000000e+00   0.0000000e+00   0.0000000e+00   0.0000000e+00   0.0000000e+00   0.0000000e+00   0.0000000e+00   0.0000000e+00   0.0000000e+00   0.0000000e+00   0.0000000e+00   0.0000000e+00   0.0000000e+00   0.0000000e+00   0.0000000e+00   0.0000000e+00   8.2414245e-01  -4.7467012e-01   1.0000000e+00
   6.4894274e-01   0.0000000e+00   0.0000000e+00   0.0000000e+00   0.0000000e+00   0.0000000e+00   0.0000000e+00   0.0000000e+00   0.0000000e+00   0.0000000e+00   0.0000000e+00   0.0000000e+00   0.0000000e+00   0.0000000e+00   0.0000000e+00   0.0000000e+00   0.0000000e+00   0.0000000e+00   0.0000000e+00   0.0000000e+00   0.0000000e+00   0.0000000e+00   0.0000000e+00   0.0000000e+00   0.0000000e+00   0.0000000e+00   0.0000000e+00   0.0000000e+00   0.0000000e+00   0.0000000e+00   6.4894274e-01  -4.5415463e-01   1.0000000e+00
   4.1221247e-01   0.0000000e+00   3.5458325e-03   3.4390887e-04   0.0000000e+00   2.7842680e-04   2.6653783e-02   1.0151863e-03   0.0000000e+00   2.7086293e-03   3.8370417e-04   1.9189957e-02   2.9758192e-03   7.7708514e-04   1.4599610e-03   1.0570824e-04   1.8481125e-03   1.4087789e-03   1.1650843e-02   4.5927880e-03   1.1442542e-02   7.4725809e-03   1.1295052e-01   2.5855531e-04   1.2189120e-03   5.9243067e-02   1.2701184e-02   4.2008212e-03   0.0000000e+00   1.5165373e-02   4.1221247e-01   2.4521161e-01   1.0000000e+00
   2.5221030e-01   0.0000000e+00   6.2297652e-06   1.7543120e-04   0.0000000e+00   0.0000000e+00   5.6984367e-02   0.0000000e+00   0.0000000e+00   2.7328617e-05   0.0000000e+00   7.7738390e-04   0.0000000e+00   0.0000000e+00   3.2721968e-04   0.0000000e+00   1.1191895e-02   2.8505856e-04   0.0000000e+00   0.0000000e+00   2.4075852e-04   0.0000000e+00   0.0000000e+00   0.0000000e+00   0.0000000e+00   0.0000000e+00   0.0000000e+00   0.0000000e+00   0.0000000e+00   1.4268927e-02   2.5221030e-01   2.5904760e-01   1.0000000e+00
   1.8450370e-01   0.0000000e+00   0.0000000e+00   0.0000000e+00   0.0000000e+00   0.0000000e+00   0.0000000e+00   0.0000000e+00   0.0000000e+00   0.0000000e+00   0.0000000e+00   0.0000000e+00   0.0000000e+00   3.0667321e-02   0.0000000e+00   0.0000000e+00   0.0000000e+00   0.0000000e+00   0.0000000e+00   0.0000000e+00   0.0000000e+00   0.0000000e+00   0.0000000e+00   0.0000000e+00   0.0000000e+00   0.0000000e+00   0.0000000e+00   0.0000000e+00   0.0000000e+00   0.0000000e+00   1.8450370e-01   6.5799271e-01   1.0000000e+00
   8.1856389e-02   0.0000000e+00   0.0000000e+00   0.0000000e+00   0.0000000e+00   0.0000000e+00   0.0000000e+00   0.0000000e+00   0.0000000e+00   0.0000000e+00   0.0000000e+00   0.0000000e+00   0.0000000e+00   0.0000000e+00   0.0000000e+00   0.0000000e+00   0.0000000e+00   0.0000000e+00   0.0000000e+00   0.0000000e+00   0.0000000e+00   0.0000000e+00   0.0000000e+00   0.0000000e+00   0.0000000e+00   0.0000000e+00   0.0000000e+00   0.0000000e+00   0.0000000e+00   0.0000000e+00   8.1856389e-02   6.6972223e-01   1.0000000e+00
   8.2984548e-01   0.0000000e+00   0.0000000e+00   0.0000000e+00   0.0000000e+00   0.0000000e+00   1.4995581e-01   0.0000000e+00   0.0000000e+00   0.0000000e+00   0.0000000e+00   0.0000000e+00   0.0000000e+00   0.0000000e+00   0.0000000e+00   0.0000000e+00   0.0000000e+00   0.0000000e+00   0.0000000e+00   0.0000000e+00   0.0000000e+00   0.0000000e+00   0.0000000e+00   0.0000000e+00   0.0000000e+00   0.0000000e+00   0.0000000e+00   0.0000000e+00   0.0000000e+00   9.9567133e-04   8.2984548e-01  -5.2938826e-01   1.0000000e+00
   8.3377931e-01   0.0000000e+00   8.0319358e-04   1.1699327e-05   2.2491222e-03   0.0000000e+00   3.7591886e-03   6.3982645e-04   0.0000000e+00   2.5404757e-03   0.0000000e+00   2.1378989e-04   0.0000000e+00   0.0000000e+00   0.0000000e+00   0.0000000e+00   0.0000000e+00   3.2460450e-03   0.0000000e+00   0.0000000e+00   0.0000000e+00   5.3859270e-04   0.0000000e+00   0.0000000e+00   0.0000000e+00   6.9998848e-04   6.8837146e-03   0.0000000e+00   0.0000000e+00   4.8914535e-03   8.3377931e-01  -6.3129861e-01   1.0000000e+00
   8.5046431e-01   0.0000000e+00   0.0000000e+00   0.0000000e+00   0.0000000e+00   0.0000000e+00   0.0000000e+00   4.8078632e-04   0.0000000e+00   8.3186703e-04   0.0000000e+00   0.0000000e+00   0.0000000e+00   2.4796371e-05   0.0000000e+00   0.0000000e+00   0.0000000e+00   0.0000000e+00   6.1314571e-03   2.3855812e-03   4.7107734e-03   3.0878503e-03   6.0760472e-02   0.0000000e+00   0.0000000e+00   3.0197001e-02   2.0814783e-03   0.0000000e+00   0.0000000e+00   5.7564403e-03   8.5046431e-01  -7.2669471e-01   1.0000000e+00
   6.2615205e-01   0.0000000e+00   0.0000000e+00   0.0000000e+00   0.0000000e+00   0.0000000e+00   0.0000000e+00   0.0000000e+00   0.0000000e+00   0.0000000e+00   0.0000000e+00   0.0000000e+00   0.0000000e+00   0.0000000e+00   0.0000000e+00   0.0000000e+00   0.0000000e+00   0.0000000e+00   0.0000000e+00   0.0000000e+00   0.0000000e+00   0.0000000e+00   0.0000000e+00   0.0000000e+00   0.0000000e+00   0.0000000e+00   0.0000000e+00   0.0000000e+00   0.0000000e+00   1.0675795e-03   6.2615205e-01  -2.4950225e-01   1.0000000e+00
   8.4414078e-01   0.0000000e+00   0.0000000e+00   0.0000000e+00   1.4394466e-03   0.0000000e+00   9.0976177e-02   0.0000000e+00   0.0000000e+00   0.0000000e+00   4.9237265e-04   0.0000000e+00   1.7121863e-03   0.0000000e+00   0.0000000e+00   1.7305939e-03   0.0000000e+00   0.0000000e+00   0.0000000e+00   0.0000000e+00   1.3495909e-01   0.0000000e+00   5.6048205e-03   0.0000000e+00   0.0000000e+00   0.0000000e+00   0.0000000e+00   0.0000000e+00   0.0000000e+00   1.0675795e-03   8.4414078e-01  -6.5941696e-01   1.0000000e+00
   4.2781981e-01   0.0000000e+00   0.0000000e+00   0.0000000e+00   0.0000000e+00   0.0000000e+00   2.8584427e-01   0.0000000e+00   0.0000000e+00   0.0000000e+00   0.0000000e+00   0.0000000e+00   0.0000000e+00   0.0000000e+00   0.0000000e+00   0.0000000e+00   0.0000000e+00   0.0000000e+00   0.0000000e+00   0.0000000e+00   6.5548993e-04   0.0000000e+00   0.0000000e+00   0.0000000e+00   0.0000000e+00   0.0000000e+00   0.0000000e+00   0.0000000e+00   0.0000000e+00   0.0000000e+00   4.2781981e-01   7.1891272e-02   1.0000000e+00
   6.4334221e-01   0.0000000e+00   0.0000000e+00   0.0000000e+00   0.0000000e+00   0.0000000e+00   0.0000000e+00   0.0000000e+00   0.0000000e+00   0.0000000e+00   0.0000000e+00   0.0000000e+00   0.0000000e+00   0.0000000e+00   0.0000000e+00   0.0000000e+00   0.0000000e+00   0.0000000e+00   0.0000000e+00   0.0000000e+00   0.0000000e+00   0.0000000e+00   0.0000000e+00   0.0000000e+00   0.0000000e+00   0.0000000e+00   0.0000000e+00   0.0000000e+00   0.0000000e+00   0.0000000e+00   6.4334221e-01  -4.3140707e-01   1.0000000e+00
   6.3739542e-01   0.0000000e+00   0.0000000e+00   0.0000000e+00   0.0000000e+00   0.0000000e+00   0.0000000e+00   0.0000000e+00   0.0000000e+00   0.0000000e+00   5.4083427e-02   0.0000000e+00   0.0000000e+00   0.0000000e+00   0.0000000e+00   0.0000000e+00   0.0000000e+00   0.0000000e+00   0.0000000e+00   0.0000000e+00   0.0000000e+00   2.3093027e-02   0.0000000e+00   0.0000000e+00   0.0000000e+00   0.0000000e+00   0.0000000e+00   0.0000000e+00   0.0000000e+00   0.0000000e+00   6.3739542e-01  -3.6329423e-01   1.0000000e+00
   4.2903731e-01   0.0000000e+00   2.4366165e-03   1.5037170e-03   3.7043322e-03   0.0000000e+00   5.8931607e-02   4.0334206e-04   0.0000000e+00   5.0807572e-03   0.0000000e+00   7.6204681e-03   0.0000000e+00   0.0000000e+00   0.0000000e+00   0.0000000e+00   0.0000000e+00   5.5592665e-02   0.0000000e+00   0.0000000e+00   0.0000000e+00   1.0048814e-03   0.0000000e+00   0.0000000e+00   0.0000000e+00   1.0156149e-03   9.3674711e-03   0.0000000e+00   0.0000000e+00   3.1128316e-02   4.2903731e-01   4.0775119e-02   1.0000000e+00
   6.4198832e-01   0.0000000e+00   0.0000000e+00   0.0000000e+00   0.0000000e+00   0.0000000e+00   0.0000000e+00   0.0000000e+00   0.0000000e+00   0.0000000e+00   0.0000000e+00   0.0000000e+00   0.0000000e+00   0.0000000e+00   0.0000000e+00   0.0000000e+00   0.0000000e+00   0.0000000e+00   0.0000000e+00   0.0000000e+00   3.1428945e-02   0.0000000e+00   1.1775813e-01   0.0000000e+00   0.0000000e+00   0.0000000e+00   0.0000000e+00   0.0000000e+00   0.0000000e+00   0.0000000e+00   6.4198832e-01  -3.7756059e-01   1.0000000e+00
   4.1686452e-01   0.0000000e+00   0.0000000e+00   0.0000000e+00   0.0000000e+00   0.0000000e+00   2.2035425e-01   0.0000000e+00   0.0000000e+00   0.0000000e+00   0.0000000e+00   0.0000000e+00   0.0000000e+00   0.0000000e+00   0.0000000e+00   0.0000000e+00   0.0000000e+00   0.0000000e+00   0.0000000e+00   0.0000000e+00   1.3150876e-01   0.0000000e+00   0.0000000e+00   0.0000000e+00   0.0000000e+00   0.0000000e+00   0.0000000e+00   0.0000000e+00   0.0000000e+00   0.0000000e+00   4.1686452e-01   1.9702257e-01   1.0000000e+00
   4.3347827e-01   0.0000000e+00   0.0000000e+00   0.0000000e+00   0.0000000e+00   0.0000000e+00   1.8493803e-03   0.0000000e+00   0.0000000e+00   0.0000000e+00   0.0000000e+00   0.0000000e+00   0.0000000e+00   0.0000000e+00   0.0000000e+00   7.0327002e-02   0.0000000e+00   0.0000000e+00   0.0000000e+00   0.0000000e+00   0.0000000e+00   0.0000000e+00   0.0000000e+00   0.0000000e+00   0.0000000e+00   5.7322427e-02   0.0000000e+00   0.0000000e+00   0.0000000e+00   2.5317516e-02   4.3347827e-01  -2.2532353e-03   1.0000000e+00
   4.1740911e-01   0.0000000e+00   1.8973517e-02   6.3440731e-04   0.0000000e+00   2.7185424e-04   0.0000000e+00   0.0000000e+00   0.0000000e+00   4.1713603e-03   0.0000000e+00   0.0000000e+00   0.0000000e+00   0.0000000e+00   0.0000000e+00   5.5915071e-04   0.0000000e+00   0.0000000e+00   0.0000000e+00   0.0000000e+00   8.4719685e-03   1.9070345e-03   0.0000000e+00   1.3272741e-03   0.0000000e+00   7.6925350e-03   0.0000000e+00   0.0000000e+00   0.0000000e+00   7.2115808e-03   4.1740911e-01   1.4532067e-01   1.0000000e+00
   6.3567532e-01   0.0000000e+00   2.3334156e-03   1.4949820e-03   0.0000000e+00   0.0000000e+00   0.0000000e+00   0.0000000e+00   0.0000000e+00   0.0000000e+00   0.0000000e+00   7.3818053e-03   0.0000000e+00   1.3998986e-02   0.0000000e+00   0.0000000e+00   0.0000000e+00   5.1663505e-02   0.0000000e+00   0.0000000e+00   1.3138292e-01   0.0000000e+00   1.8957063e-02   0.0000000e+00   0.0000000e+00   0.0000000e+00   0.0000000e+00   0.0000000e+00   0.0000000e+00   1.5689810e-02   6.3567532e-01  -3.0110183e-01   1.0000000e+00
   4.2338125e-01   0.0000000e+00   0.0000000e+00   0.0000000e+00   0.0000000e+00   4.6836379e-02   6.6037987e-03   0.0000000e+00   0.0000000e+00   2.5502352e-02   0.0000000e+00   3.7620459e-02   0.0000000e+00   0.0000000e+00   4.9978408e-04   9.1874144e-02   0.0000000e+00   0.0000000e+00   0.0000000e+00   0.0000000e+00   0.0000000e+00   0.0000000e+00   0.0000000e+00   0.0000000e+00   0.0000000e+00   5.8121323e-02   0.0000000e+00   0.0000000e+00   0.0000000e+00   8.7820545e-02   4.2338125e-01   1.2682350e-01   1.0000000e+00
   6.2796409e-01   0.0000000e+00   0.0000000e+00   0.0000000e+00   0.0000000e+00   0.0000000e+00   0.0000000e+00   0.0000000e+00   0.0000000e+00   0.0000000e+00   0.0000000e+00   0.0000000e+00   0.0000000e+00   0.0000000e+00   0.0000000e+00   0.0000000e+00   0.0000000e+00   0.0000000e+00   0.0000000e+00   0.0000000e+00   0.0000000e+00   0.0000000e+00   0.0000000e+00   0.0000000e+00   0.0000000e+00   0.0000000e+00   0.0000000e+00   0.0000000e+00   0.0000000e+00   0.0000000e+00   6.2796409e-01  -2.7584464e-01   1.0000000e+00
   1.9280066e-01   0.0000000e+00   0.0000000e+00   4.6108847e-02   4.1359059e-02   0.0000000e+00   0.0000000e+00   8.5225920e-02   0.0000000e+00   6.2150571e-02   4.5093853e-03   1.7581282e-01   0.0000000e+00   3.0440021e-02   4.8535821e-03   7.4818488e-03   7.9114005e-04   0.0000000e+00   8.0747090e-03   2.5498875e-02   1.1476852e-02   8.7846944e-03   0.0000000e+00   3.4705070e-03   0.0000000e+00   2.5309301e-04   1.8098516e-02   0.0000000e+00   0.0000000e+00   5.3769093e-02   1.9280066e-01   6.3277920e-01   1.0000000e+00
   4.1297836e-01   0.0000000e+00   0.0000000e+00   0.0000000e+00   0.0000000e+00   0.0000000e+00   0.0000000e+00   0.0000000e+00   0.0000000e+00   0.0000000e+00   2.6877386e-03   0.0000000e+00   0.0000000e+00   8.8307068e-02   0.0000000e+00   0.0000000e+00   0.0000000e+00   0.0000000e+00   0.0000000e+00   4.5559234e-02   0.0000000e+00   1.8646552e-02   0.0000000e+00   0.0000000e+00   0.0000000e+00   0.0000000e+00   0.0000000e+00   0.0000000e+00   0.0000000e+00   0.0000000e+00   4.1297836e-01   2.1607418e-01   1.0000000e+00
   1.9364292e-01   0.0000000e+00   0.0000000e+00   0.0000000e+00   0.0000000e+00   0.0000000e+00   1.4995581e-01   0.0000000e+00   0.0000000e+00   0.0000000e+00   0.0000000e+00   0.0000000e+00   0.0000000e+00   0.0000000e+00   0.0000000e+00   0.0000000e+00   0.0000000e+00   0.0000000e+00   0.0000000e+00   0.0000000e+00   0.0000000e+00   0.0000000e+00   0.0000000e+00   0.0000000e+00   0.0000000e+00   0.0000000e+00   0.0000000e+00   0.0000000e+00   0.0000000e+00   0.0000000e+00   1.9364292e-01   6.0655488e-01   1.0000000e+00
   4.4466126e-01   0.0000000e+00   0.0000000e+00   0.0000000e+00   0.0000000e+00   0.0000000e+00   0.0000000e+00   0.0000000e+00   0.0000000e+00   0.0000000e+00   4.6789336e-03   0.0000000e+00   0.0000000e+00   8.8307068e-02   0.0000000e+00   0.0000000e+00   0.0000000e+00   0.0000000e+00   0.0000000e+00   4.1540608e-02   0.0000000e+00   3.3308548e-02   0.0000000e+00   0.0000000e+00   0.0000000e+00   0.0000000e+00   0.0000000e+00   0.0000000e+00   0.0000000e+00   0.0000000e+00   4.4466126e-01  -6.6829265e-02   1.0000000e+00
   8.3492937e-01   0.0000000e+00   0.0000000e+00   0.0000000e+00   0.0000000e+00   0.0000000e+00   0.0000000e+00   0.0000000e+00   0.0000000e+00   0.0000000e+00   0.0000000e+00   0.0000000e+00   0.0000000e+00   0.0000000e+00   0.0000000e+00   0.0000000e+00   0.0000000e+00   0.0000000e+00   0.0000000e+00   0.0000000e+00   0.0000000e+00   0.0000000e+00   0.0000000e+00   0.0000000e+00   0.0000000e+00   0.0000000e+00   0.0000000e+00   0.0000000e+00   0.0000000e+00   0.0000000e+00   8.3492937e-01  -6.5682934e-01   1.0000000e+00
   1.9815048e-01   0.0000000e+00   4.5634164e-03   0.0000000e+00   1.1797352e-01   0.0000000e+00   1.2529638e-01   0.0000000e+00   0.0000000e+00   0.0000000e+00   0.0000000e+00   0.0000000e+00   0.0000000e+00   0.0000000e+00   0.0000000e+00   0.0000000e+00   0.0000000e+00   0.0000000e+00   0.0000000e+00   0.0000000e+00   0.0000000e+00   0.0000000e+00   8.5238173e-02   0.0000000e+00   0.0000000e+00   0.0000000e+00   0.0000000e+00   0.0000000e+00   0.0000000e+00   0.0000000e+00   1.9815048e-01   5.8665174e-01   1.0000000e+00
   2.0663150e-01   0.0000000e+00   2.0606964e-02   0.0000000e+00   0.0000000e+00   0.0000000e+00   3.3651002e-03   0.0000000e+00   0.0000000e+00   0.0000000e+00   0.0000000e+00   0.0000000e+00   0.0000000e+00   0.0000000e+00   0.0000000e+00   0.0000000e+00   0.0000000e+00   0.0000000e+00   0.0000000e+00   0.0000000e+00   0.0000000e+00   5.9617231e-03   0.0000000e+00   0.0000000e+00   0.0000000e+00   0.0000000e+00   4.5994530e-02   0.0000000e+00   0.0000000e+00   0.0000000e+00   2.0663150e-01   5.0894161e-01   1.0000000e+00
   2.1400432e-01   0.0000000e+00   2.6861788e-03   1.7209917e-03   0.0000000e+00   0.0000000e+00   0.0000000e+00   0.0000000e+00   0.0000000e+00   0.0000000e+00   0.0000000e+00   8.4977783e-03   0.0000000e+00   0.0000000e+00   0.0000000e+00   0.0000000e+00   0.0000000e+00   5.9473936e-02   0.0000000e+00   0.0000000e+00   0.0000000e+00   0.0000000e+00   0.0000000e+00   0.0000000e+00   0.0000000e+00   0.0000000e+00   0.0000000e+00   0.0000000e+00   0.0000000e+00   2.6981277e-02   2.1400432e-01   4.5594718e-01   1.0000000e+00
   2.1385624e-01   0.0000000e+00   4.6069618e-06   1.1126375e-02   0.0000000e+00   0.0000000e+00   4.0370321e-02   0.0000000e+00   0.0000000e+00   0.0000000e+00   0.0000000e+00   6.9612964e-02   0.0000000e+00   0.0000000e+00   0.0000000e+00   0.0000000e+00   8.2764974e-03   1.5024648e-01   0.0000000e+00   0.0000000e+00   1.7804287e-04   1.8771691e-02   0.0000000e+00   0.0000000e+00   0.0000000e+00   0.0000000e+00   0.0000000e+00   0.0000000e+00   0.0000000e+00   9.2547061e-02   2.1385624e-01   4.8288094e-01   1.0000000e+00
   2.4230239e-01   0.0000000e+00   0.0000000e+00   0.0000000e+00   0.0000000e+00   0.0000000e+00   1.4995581e-01   0.0000000e+00   0.0000000e+00   0.0000000e+00   0.0000000e+00   0.0000000e+00   0.0000000e+00   0.0000000e+00   0.0000000e+00   0.0000000e+00   0.0000000e+00   0.0000000e+00   0.0000000e+00   0.0000000e+00   0.0000000e+00   0.0000000e+00   0.0000000e+00   0.0000000e+00   0.0000000e+00   0.0000000e+00   0.0000000e+00   0.0000000e+00   0.0000000e+00   0.0000000e+00   2.4230239e-01   2.9403634e-01   1.0000000e+00
   7.0694011e-02   0.0000000e+00   0.0000000e+00   0.0000000e+00   0.0000000e+00   0.0000000e+00   0.0000000e+00   0.0000000e+00   0.0000000e+00   0.0000000e+00   3.1429320e-03   0.0000000e+00   0.0000000e+00   0.0000000e+00   0.0000000e+00   0.0000000e+00   0.0000000e+00   0.0000000e+00   0.0000000e+00   0.0000000e+00   0.0000000e+00   1.8675518e-02   0.0000000e+00   0.0000000e+00   0.0000000e+00   0.0000000e+00   0.0000000e+00   0.0000000e+00   0.0000000e+00   0.0000000e+00   7.0694011e-02   6.7911750e-01   1.0000000e+00
   1.8695723e-01   0.0000000e+00   0.0000000e+00   0.0000000e+00   0.0000000e+00   0.0000000e+00   3.8995829e-03   0.0000000e+00   0.0000000e+00   9.4372501e-02   1.5918531e-02   0.0000000e+00   0.0000000e+00   0.0000000e+00   1.2100551e-01   0.0000000e+00   0.0000000e+00   0.0000000e+00   0.0000000e+00   6.0631367e-02   0.0000000e+00   2.7487941e-02   1.2117135e-03   2.1238294e-02   0.0000000e+00   0.0000000e+00   0.0000000e+00   0.0000000e+00   0.0000000e+00   0.0000000e+00   1.8695723e-01   6.5636142e-01   1.0000000e+00
   6.3549688e-01   0.0000000e+00   0.0000000e+00   0.0000000e+00   0.0000000e+00   0.0000000e+00   0.0000000e+00   0.0000000e+00   0.0000000e+00   0.0000000e+00   0.0000000e+00   0.0000000e+00   0.0000000e+00   0.0000000e+00   0.0000000e+00   0.0000000e+00   0.0000000e+00   0.0000000e+00   0.0000000e+00   0.0000000e+00   2.2739406e-01   3.4207305e-02   0.0000000e+00   0.0000000e+00   0.0000000e+00   0.0000000e+00   0.0000000e+00   0.0000000e+00   0.0000000e+00   0.0000000e+00   6.3549688e-01  -2.9448114e-01   1.0000000e+00
   2.0993835e-01   0.0000000e+00   0.0000000e+00   0.0000000e+00   0.0000000e+00   0.0000000e+00   1.4995581e-01   0.0000000e+00   0.0000000e+00   0.0000000e+00   0.0000000e+00   0.0000000e+00   0.0000000e+00   0.0000000e+00   0.0000000e+00   0.0000000e+00   0.0000000e+00   0.0000000e+00   0.0000000e+00   0.0000000e+00   0.0000000e+00   0.0000000e+00   0.0000000e+00   0.0000000e+00   0.0000000e+00   0.0000000e+00   0.0000000e+00   0.0000000e+00   0.0000000e+00   0.0000000e+00   2.0993835e-01   4.9049304e-01   1.0000000e+00
   2.1927606e-01   0.0000000e+00   1.6439948e-03   2.3946448e-05   4.6035543e-03   0.0000000e+00   7.6943925e-03   1.3096113e-03   0.0000000e+00   5.1999032e-03   0.0000000e+00   4.3758999e-04   0.0000000e+00   0.0000000e+00   0.0000000e+00   0.0000000e+00   0.0000000e+00   6.6440784e-03   0.0000000e+00   0.0000000e+00   0.0000000e+00   1.1024038e-03   0.0000000e+00   0.0000000e+00   0.0000000e+00   1.4327523e-03   1.4089743e-02   0.0000000e+00   0.0000000e+00   1.0011938e-02   2.1927606e-01   4.1286464e-01   1.0000000e+00
   6.3497510e-02   0.0000000e+00   0.0000000e+00   0.0000000e+00   0.0000000e+00   0.0000000e+00   0.0000000e+00   0.0000000e+00   0.0000000e+00   0.0000000e+00   8.0845102e-03   0.0000000e+00   0.0000000e+00   0.0000000e+00   0.0000000e+00   0.0000000e+00   0.0000000e+00   0.0000000e+00   0.0000000e+00   0.0000000e+00   6.8454239e-02   5.7402001e-03   6.7429210e-02   0.0000000e+00   0.0000000e+00   0.0000000e+00   0.0000000e+00   0.0000000e+00   0.0000000e+00   0.0000000e+00   6.3497510e-02   6.9836592e-01   1.0000000e+00
   4.4045121e-01   0.0000000e+00   0.0000000e+00   0.0000000e+00   0.0000000e+00   0.0000000e+00   1.8493803e-03   0.0000000e+00   0.0000000e+00   0.0000000e+00   0.0000000e+00   0.0000000e+00   0.0000000e+00   0.0000000e+00   0.0000000e+00   7.0327002e-02   0.0000000e+00   0.0000000e+00   0.0000000e+00   0.0000000e+00   0.0000000e+00   0.0000000e+00   0.0000000e+00   0.0000000e+00   0.0000000e+00   5.8121323e-02   0.0000000e+00   0.0000000e+00   0.0000000e+00   2.5730869e-02   4.4045121e-01  -4.9504627e-02   1.0000000e+00
   2.2392932e-01   0.0000000e+00   2.3385519e-03   0.0000000e+00   7.3988099e-02   0.0000000e+00   0.0000000e+00   0.0000000e+00   0.0000000e+00   2.0729294e-02   2.7507689e-03   2.2006793e-02   1.6295417e-02   0.0000000e+00   4.0585110e-03   0.0000000e+00   7.4346014e-03   0.0000000e+00   0.0000000e+00   1.3557396e-02   1.7431946e-02   0.0000000e+00   0.0000000e+00   4.3760199e-03   0.0000000e+00   8.8584506e-03   0.0000000e+00   0.0000000e+00   0.0000000e+00   3.1661019e-02   2.2392932e-01   3.9959885e-01   1.0000000e+00
   2.1653579e-01   0.0000000e+00   0.0000000e+00   0.0000000e+00   0.0000000e+00   0.0000000e+00   1.3531310e-01   0.0000000e+00   0.0000000e+00   0.0000000e+00   0.0000000e+00   0.0000000e+00   0.0000000e+00   0.0000000e+00   0.0000000e+00   0.0000000e+00   0.0000000e+00   0.0000000e+00   0.0000000e+00   0.0000000e+00   0.0000000e+00   0.0000000e+00   0.0000000e+00   0.0000000e+00   0.0000000e+00   0.0000000e+00   0.0000000e+00   0.0000000e+00   0.0000000e+00   0.0000000e+00   2.1653579e-01   4.4097545e-01   1.0000000e+00
   2.2489088e-01   0.0000000e+00   1.0322700e-04   1.5380301e-05   3.7053695e-03   0.0000000e+00   5.8939235e-02   4.0345501e-04   0.0000000e+00   5.0821800e-03   0.0000000e+00   2.8018831e-04   0.0000000e+00   0.0000000e+00   0.0000000e+00   0.0000000e+00   0.0000000e+00   4.0178290e-03   0.0000000e+00   0.0000000e+00   0.0000000e+00   1.0158159e-03   0.0000000e+00   0.0000000e+00   0.0000000e+00   1.0158993e-03   9.3700942e-03   0.0000000e+00   0.0000000e+00   7.7435049e-03   2.2489088e-01   3.7828914e-01   1.0000000e+00
   2.3938784e-01   0.0000000e+00   0.0000000e+00   0.0000000e+00   0.0000000e+00   0.0000000e+00   0.0000000e+00   6.7473136e-04   0.0000000e+00   0.0000000e+00   0.0000000e+00   0.0000000e+00   0.0000000e+00   3.0627305e-02   0.0000000e+00   0.0000000e+00   0.0000000e+00   0.0000000e+00   0.0000000e+00   0.0000000e+00   0.0000000e+00   0.0000000e+00   9.9931440e-02   0.0000000e+00   0.0000000e+00   3.6309498e-02   0.0000000e+00   0.0000000e+00   0.0000000e+00   0.0000000e+00   2.3938784e-01   3.0794570e-01   1.0000000e+00
   1.3351888e-02   0.0000000e+00   0.0000000e+00   0.0000000e+00   0.0000000e+00   0.0000000e+00   0.0000000e+00   0.0000000e+00   0.0000000e+00   0.0000000e+00   0.0000000e+00   0.0000000e+00   0.0000000e+00   0.0000000e+00   0.0000000e+00   0.0000000e+00   0.0000000e+00   0.0000000e+00   0.0000000e+00   0.0000000e+00   3.1428945e-02   0.0000000e+00   6.7429210e-02   0.0000000e+00   0.0000000e+00   0.0000000e+00   0.0000000e+00   0.0000000e+00   0.0000000e+00   0.0000000e+00   1.3351888e-02   8.8090646e-01   1.0000000e+00
   2.3188970e-01   0.0000000e+00   2.3334156e-03   1.4949820e-03   0.0000000e+00   0.0000000e+00   0.0000000e+00   0.0000000e+00   0.0000000e+00   0.0000000e+00   0.0000000e+00   7.3818053e-03   0.0000000e+00   0.0000000e+00   0.0000000e+00   0.0000000e+00   0.0000000e+00   5.1663505e-02   0.0000000e+00   0.0000000e+00   3.1428945e-02   0.0000000e+00   6.7429210e-02   0.0000000e+00   0.0000000e+00   0.0000000e+00   0.0000000e+00   0.0000000e+00   0.0000000e+00   2.3437953e-02   2.3188970e-01   3.4697536e-01   1.0000000e+00
   4.3929647e-01   0.0000000e+00   0.0000000e+00   0.0000000e+00   0.0000000e+00   0.0000000e+00   0.0000000e+00   6.8627065e-04   0.0000000e+00   3.8050381e-03   0.0000000e+00   1.8098678e-02   0.0000000e+00   8.7843247e-04   7.5923770e-03   0.0000000e+00   0.0000000e+00   0.0000000e+00   1.4714634e-02   1.8649078e-02   0.0000000e+00   2.7192405e-02   9.9083591e-02   0.0000000e+00   0.0000000e+00   3.7857478e-02   2.4035439e-03   0.0000000e+00   0.0000000e+00   1.4601822e-02   4.3929647e-01  -2.4224484e-02   1.0000000e+00
   4.7085198e-02   0.0000000e+00   0.0000000e+00   0.0000000e+00   0.0000000e+00   0.0000000e+00   0.0000000e+00   0.0000000e+00   0.0000000e+00   0.0000000e+00   0.0000000e+00   0.0000000e+00   0.0000000e+00   0.0000000e+00   0.0000000e+00   0.0000000e+00   0.0000000e+00   0.0000000e+00   0.0000000e+00   0.0000000e+00   0.0000000e+00   0.0000000e+00   9.2784327e-04   0.0000000e+00   0.0000000e+00   0.0000000e+00   0.0000000e+00   0.0000000e+00   0.0000000e+00   0.0000000e+00   4.7085198e-02   7.3616557e-01   1.0000000e+00
   1.1274261e-02   0.0000000e+00   0.0000000e+00   0.0000000e+00   0.0000000e+00   0.0000000e+00   5.6659519e-03   6.8627065e-04   0.0000000e+00   5.7523233e-02   1.3811843e-02   0.0000000e+00   0.0000000e+00   0.0000000e+00   5.7542111e-03   0.0000000e+00   0.0000000e+00   0.0000000e+00   0.0000000e+00   3.7225831e-02   0.0000000e+00   5.5854064e-02   0.0000000e+00   1.4429135e-02   0.0000000e+00   3.3457770e-02   0.0000000e+00   0.0000000e+00   0.0000000e+00   0.0000000e+00   1.1274261e-02   8.9367885e-01   1.0000000e+00
   1.6472608e-02   0.0000000e+00   4.8584457e-04   0.0000000e+00   4.0800120e-02   0.0000000e+00   0.0000000e+00   0.0000000e+00   0.0000000e+00   6.7630822e-02   0.0000000e+00   0.0000000e+00   0.0000000e+00   0.0000000e+00   6.0488969e-03   0.0000000e+00   0.0000000e+00   0.0000000e+00   0.0000000e+00   0.0000000e+00   1.2407057e-05   0.0000000e+00   7.3923423e-02   1.4682197e-02   0.0000000e+00   0.0000000e+00   0.0000000e+00   0.0000000e+00   0.0000000e+00   0.0000000e+00   1.6472608e-02   8.6786141e-01   1.0000000e+00
   2.3521421e-01   0.0000000e+00   2.6691589e-03   1.8115741e-05   3.1519214e-03   0.0000000e+00   4.1773779e-03   8.5098949e-04   0.0000000e+00   1.0005540e-04   0.0000000e+00   8.4171561e-05   0.0000000e+00   0.0000000e+00   0.0000000e+00   0.0000000e+00   0.0000000e+00   4.1835831e-02   0.0000000e+00   0.0000000e+00   0.0000000e+00   1.2192929e-02   3.4706650e-03   0.0000000e+00   0.0000000e+00   6.1090499e-06   6.1886055e-03   0.0000000e+00   0.0000000e+00   1.1932559e-02   2.3521421e-01   3.1662300e-01   1.0000000e+00
   3.2092781e-02   0.0000000e+00   0.0000000e+00   0.0000000e+00   0.0000000e+00   0.0000000e+00   0.0000000e+00   0.0000000e+00   0.0000000e+00   0.0000000e+00   0.0000000e+00   0.0000000e+00   0.0000000e+00   0.0000000e+00   0.0000000e+00   0.0000000e+00   0.0000000e+00   0.0000000e+00   0.0000000e+00   0.0000000e+00   3.1428945e-02   0.0000000e+00   1.1775813e-01   0.0000000e+00   0.0000000e+00   0.0000000e+00   0.0000000e+00   0.0000000e+00   0.0000000e+00   0.0000000e+00   3.2092781e-02   7.9891832e-01   1.0000000e+00
   2.7678409e-02   0.0000000e+00   0.0000000e+00   0.0000000e+00   0.0000000e+00   0.0000000e+00   0.0000000e+00   0.0000000e+00   0.0000000e+00   0.0000000e+00   0.0000000e+00   0.0000000e+00   0.0000000e+00   0.0000000e+00   0.0000000e+00   0.0000000e+00   0.0000000e+00   0.0000000e+00   0.0000000e+00   0.0000000e+00   3.1428945e-02   0.0000000e+00   6.7429210e-02   0.0000000e+00   0.0000000e+00   0.0000000e+00   0.0000000e+00   0.0000000e+00   0.0000000e+00   0.0000000e+00   2.7678409e-02   8.1560878e-01   1.0000000e+00
   6.7254561e-02   0.0000000e+00   0.0000000e+00   0.0000000e+00   0.0000000e+00   0.0000000e+00   0.0000000e+00   0.0000000e+00   0.0000000e+00   0.0000000e+00   6.2677098e-02   0.0000000e+00   0.0000000e+00   0.0000000e+00   0.0000000e+00   0.0000000e+00   0.0000000e+00   0.0000000e+00   0.0000000e+00   0.0000000e+00   0.0000000e+00   2.6762431e-02   0.0000000e+00   0.0000000e+00   0.0000000e+00   0.0000000e+00   0.0000000e+00   0.0000000e+00   0.0000000e+00   0.0000000e+00   6.7254561e-02   6.8813391e-01   1.0000000e+00
   4.3857588e-01   0.0000000e+00   4.1685747e-06   2.0920328e-05   0.0000000e+00   0.0000000e+00   2.8586234e-02   0.0000000e+00   0.0000000e+00   1.9968515e-05   0.0000000e+00   2.5327063e-05   0.0000000e+00   3.6877369e-02   1.7169177e-04   0.0000000e+00   9.0368118e-05   9.5396392e-05   1.5083917e-02   6.2338939e-03   7.4826890e-05   2.6672563e-02   1.0519285e-01   0.0000000e+00   0.0000000e+00   1.6694308e-02   2.8022878e-03   0.0000000e+00   0.0000000e+00   1.6266556e-02   4.3857588e-01  -1.8041139e-02   1.0000000e+00
   5.7324967e-02   0.0000000e+00   1.0122492e-03   0.0000000e+00   1.8545728e-03   0.0000000e+00   5.6790214e-04   1.1036405e-03   0.0000000e+00   2.0371565e-02   3.8601503e-04   0.0000000e+00   0.0000000e+00   0.0000000e+00   2.8513583e-03   0.0000000e+00   0.0000000e+00   3.6358666e-03   0.0000000e+00   8.4238987e-03   8.5326896e-03   0.0000000e+00   0.0000000e+00   6.3545094e-03   0.0000000e+00   1.6312290e-03   7.4260740e-03   0.0000000e+00   0.0000000e+00   3.5952672e-03   5.7324967e-02   7.0838712e-01   1.0000000e+00
   2.4544741e-01   0.0000000e+00   6.2297652e-06   1.7543120e-04   0.0000000e+00   0.0000000e+00   5.4590777e-02   0.0000000e+00   0.0000000e+00   0.0000000e+00   0.0000000e+00   7.7738390e-04   0.0000000e+00   0.0000000e+00   0.0000000e+00   0.0000000e+00   1.1191895e-02   2.8505856e-04   0.0000000e+00   0.0000000e+00   2.4075852e-04   2.5384024e-02   0.0000000e+00   0.0000000e+00   0.0000000e+00   0.0000000e+00   0.0000000e+00   0.0000000e+00   0.0000000e+00   1.4268927e-02   2.4544741e-01   2.7745527e-01   1.0000000e+00
   8.0999782e-02   0.0000000e+00   0.0000000e+00   0.0000000e+00   0.0000000e+00   0.0000000e+00   0.0000000e+00   0.0000000e+00   0.0000000e+00   0.0000000e+00   1.0406572e-02   0.0000000e+00   0.0000000e+00   0.0000000e+00   0.0000000e+00   0.0000000e+00   0.0000000e+00   0.0000000e+00   0.0000000e+00   0.0000000e+00   4.7659831e-02   7.0722845e-03   0.0000000e+00   0.0000000e+00   0.0000000e+00   0.0000000e+00   0.0000000e+00   0.0000000e+00   0.0000000e+00   0.0000000e+00   8.0999782e-02   6.7360227e-01   1.0000000e+00
   4.4370308e-02   0.0000000e+00   0.0000000e+00   0.0000000e+00   0.0000000e+00   0.0000000e+00   5.0444826e-03   0.0000000e+00   0.0000000e+00   3.1632418e-02   7.6012710e-03   0.0000000e+00   0.0000000e+00   0.0000000e+00   2.9384548e-03   0.0000000e+00   0.0000000e+00   0.0000000e+00   0.0000000e+00   1.9639050e-02   0.0000000e+00   2.6699261e-02   1.2117135e-03   8.0069042e-03   0.0000000e+00   0.0000000e+00   0.0000000e+00   0.0000000e+00   0.0000000e+00   0.0000000e+00   4.4370308e-02   7.5031026e-01   1.0000000e+00
   2.3007327e-01   0.0000000e+00   1.4349035e-03   0.0000000e+00   7.3988099e-02   0.0000000e+00   0.0000000e+00   6.8427073e-04   0.0000000e+00   2.0729294e-02   2.6529826e-03   2.2006793e-02   1.5537036e-02   0.0000000e+00   4.0585110e-03   0.0000000e+00   6.9636136e-03   0.0000000e+00   0.0000000e+00   1.3557396e-02   1.6797057e-02   0.0000000e+00   0.0000000e+00   4.3101275e-03   0.0000000e+00   4.4762722e-02   0.0000000e+00   0.0000000e+00   0.0000000e+00   3.0583744e-02   2.3007327e-01   3.6584755e-01   1.0000000e+00
   4.1417166e-02   0.0000000e+00   0.0000000e+00   0.0000000e+00   0.0000000e+00   0.0000000e+00   0.0000000e+00   0.0000000e+00   0.0000000e+00   0.0000000e+00   0.0000000e+00   0.0000000e+00   0.0000000e+00   0.0000000e+00   0.0000000e+00   0.0000000e+00   0.0000000e+00   0.0000000e+00   0.0000000e+00   0.0000000e+00   0.0000000e+00   0.0000000e+00   0.0000000e+00   0.0000000e+00   0.0000000e+00   0.0000000e+00   0.0000000e+00   0.0000000e+00   0.0000000e+00   0.0000000e+00   4.1417166e-02   7.5656726e-01   1.0000000e+00
   4.2327000e-01   0.0000000e+00   2.4557322e-03   7.4237647e-05   1.1948834e-02   0.0000000e+00   8.9397572e-03   1.8601957e-03   0.0000000e+00   2.2601187e-02   0.0000000e+00   5.5216665e-04   0.0000000e+00   0.0000000e+00   0.0000000e+00   0.0000000e+00   0.0000000e+00   1.6546222e-02   0.0000000e+00   0.0000000e+00   2.0984688e-01   1.2126928e-03   0.0000000e+00   0.0000000e+00   0.0000000e+00   2.4986982e-02   2.8138925e-02   0.0000000e+00   0.0000000e+00   5.9051572e-02   4.2327000e-01   1.3317009e-01   1.0000000e+00
   2.3587187e-02   0.0000000e+00   0.0000000e+00   0.0000000e+00   0.0000000e+00   0.0000000e+00   0.0000000e+00   6.8627065e-04   0.0000000e+00   0.0000000e+00   0.0000000e+00   0.0000000e+00   0.0000000e+00   0.0000000e+00   0.0000000e+00   0.0000000e+00   0.0000000e+00   0.0000000e+00   0.0000000e+00   0.0000000e+00   0.0000000e+00   0.0000000e+00   0.0000000e+00   0.0000000e+00   0.0000000e+00   3.6930465e-02   0.0000000e+00   0.0000000e+00   0.0000000e+00   0.0000000e+00   2.3587187e-02   8.3156902e-01   1.0000000e+00
   2.7126331e-03   0.0000000e+00   0.0000000e+00   0.0000000e+00   0.0000000e+00   0.0000000e+00   0.0000000e+00   0.0000000e+00   0.0000000e+00   6.3056925e-02   5.6099581e-03   0.0000000e+00   0.0000000e+00   0.0000000e+00   1.2316929e-01   0.0000000e+00   0.0000000e+00   0.0000000e+00   0.0000000e+00   4.2763787e-02   0.0000000e+00   7.9537121e-04   0.0000000e+00   1.3803180e-02   0.0000000e+00   0.0000000e+00   0.0000000e+00   0.0000000e+00   0.0000000e+00   0.0000000e+00   2.7126331e-03   9.4960696e-01   1.0000000e+00
   2.0270047e-01   0.0000000e+00   2.7212458e-03   0.0000000e+00   1.1995400e-02   0.0000000e+00   0.0000000e+00   2.0613199e-03   0.0000000e+00   0.0000000e+00   0.0000000e+00   0.0000000e+00   0.0000000e+00   0.0000000e+00   0.0000000e+00   0.0000000e+00   0.0000000e+00   1.8051455e-02   0.0000000e+00   0.0000000e+00   8.9648953e-02   1.2667034e-03   4.5602981e-02   0.0000000e+00   0.0000000e+00   8.9844576e-03   3.1181304e-02   0.0000000e+00   0.0000000e+00   1.0361249e-02   2.0270047e-01   5.4845128e-01   1.0000000e+00
   4.9968711e-02   0.0000000e+00   0.0000000e+00   0.0000000e+00   0.0000000e+00   0.0000000e+00   0.0000000e+00   0.0000000e+00   0.0000000e+00   0.0000000e+00   0.0000000e+00   0.0000000e+00   0.0000000e+00   0.0000000e+00   0.0000000e+00   0.0000000e+00   0.0000000e+00   0.0000000e+00   0.0000000e+00   0.0000000e+00   0.0000000e+00   0.0000000e+00   0.0000000e+00   0.0000000e+00   0.0000000e+00   0.0000000e+00   0.0000000e+00   0.0000000e+00   0.0000000e+00   0.0000000e+00   4.9968711e-02   7.2649449e-01   1.0000000e+00
   1.9963590e-01   0.0000000e+00   0.0000000e+00   0.0000000e+00   0.0000000e+00   0.0000000e+00   0.0000000e+00   0.0000000e+00   0.0000000e+00   0.0000000e+00   0.0000000e+00   0.0000000e+00   0.0000000e+00   0.0000000e+00   0.0000000e+00   0.0000000e+00   0.0000000e+00   0.0000000e+00   0.0000000e+00   0.0000000e+00   2.9612546e-01   0.0000000e+00   0.0000000e+00   0.0000000e+00   0.0000000e+00   0.0000000e+00   0.0000000e+00   0.0000000e+00   0.0000000e+00   0.0000000e+00   1.9963590e-01   5.7450116e-01   1.0000000e+00
   9.8773431e-03   0.0000000e+00   4.6412980e-03   3.3719076e-02   0.0000000e+00   0.0000000e+00   0.0000000e+00   0.0000000e+00   0.0000000e+00   0.0000000e+00   0.0000000e+00   6.2122214e-01   0.0000000e+00   0.0000000e+00   7.5284108e-02   0.0000000e+00   0.0000000e+00   0.0000000e+00   0.0000000e+00   1.0944020e-02   0.0000000e+00   0.0000000e+00   3.6729178e-02   0.0000000e+00   0.0000000e+00   0.0000000e+00   3.4929013e-03   0.0000000e+00   4.3681076e-03   0.0000000e+00   9.8773431e-03   9.0851786e-01   1.0000000e+00
   4.4403309e-01   0.0000000e+00   2.5895316e-03   1.6083158e-03   3.7053695e-03   0.0000000e+00   5.8939235e-02   4.0345501e-04   0.0000000e+00   5.0821800e-03   0.0000000e+00   8.1456608e-03   0.0000000e+00   1.9985299e-03   0.0000000e+00   0.0000000e+00   0.0000000e+00   5.9066407e-02   0.0000000e+00   0.0000000e+00   1.9402596e-02   1.0158159e-03   6.5215898e-03   0.0000000e+00   0.0000000e+00   1.0158993e-03   9.3700942e-03   0.0000000e+00   0.0000000e+00   3.2717149e-02   4.4403309e-01  -5.4875555e-02   1.0000000e+00
   3.9293369e-02   0.0000000e+00   1.0619178e-03   0.0000000e+00   5.4448923e-04   0.0000000e+00   0.0000000e+00   0.0000000e+00   0.0000000e+00   0.0000000e+00   0.0000000e+00   3.6081854e-02   0.0000000e+00   0.0000000e+00   0.0000000e+00   0.0000000e+00   0.0000000e+00   8.9606864e-02   0.0000000e+00   0.0000000e+00   0.0000000e+00   2.0559682e-02   1.5228945e-02   0.0000000e+00   0.0000000e+00   0.0000000e+00   0.0000000e+00   0.0000000e+00   0.0000000e+00   0.0000000e+00   3.9293369e-02   7.7130341e-01   1.0000000e+00
   1.8637517e-02   0.0000000e+00   1.0656865e-03   0.0000000e+00   5.5306211e-04   0.0000000e+00   0.0000000e+00   0.0000000e+00   0.0000000e+00   0.0000000e+00   0.0000000e+00   3.6584766e-02   0.0000000e+00   0.0000000e+00   0.0000000e+00   0.0000000e+00   0.0000000e+00   9.0561453e-02   0.0000000e+00   0.0000000e+00   0.0000000e+00   2.0883391e-02   1.4346140e-02   0.0000000e+00   0.0000000e+00   0.0000000e+00   0.0000000e+00   0.0000000e+00   0.0000000e+00   0.0000000e+00   1.8637517e-02   8.5702673e-01   1.0000000e+00
   2.3401497e-02   0.0000000e+00   0.0000000e+00   0.0000000e+00   0.0000000e+00   0.0000000e+00   0.0000000e+00   0.0000000e+00   0.0000000e+00   5.6419808e-02   0.0000000e+00   2.6836102e-01   0.0000000e+00   0.0000000e+00   1.1257718e-01   0.0000000e+00   0.0000000e+00   0.0000000e+00   0.0000000e+00   9.1204561e-02   0.0000000e+00   0.0000000e+00   0.0000000e+00   0.0000000e+00   0.0000000e+00   0.0000000e+00   0.0000000e+00   0.0000000e+00   0.0000000e+00   0.0000000e+00   2.3401497e-02   8.4472833e-01   1.0000000e+00
   2.3360765e-01   0.0000000e+00   0.0000000e+00   0.0000000e+00   0.0000000e+00   0.0000000e+00   0.0000000e+00   0.0000000e+00   0.0000000e+00   0.0000000e+00   0.0000000e+00   0.0000000e+00   0.0000000e+00   3.0667321e-02   0.0000000e+00   0.0000000e+00   0.0000000e+00   0.0000000e+00   0.0000000e+00   0.0000000e+00   0.0000000e+00   0.0000000e+00   1.0007340e-01   0.0000000e+00   0.0000000e+00   0.0000000e+00   0.0000000e+00   0.0000000e+00   0.0000000e+00   0.0000000e+00   2.3360765e-01   3.3080541e-01   1.0000000e+00
   2.5893773e-02   0.0000000e+00   0.0000000e+00   0.0000000e+00   0.0000000e+00   0.0000000e+00   0.0000000e+00   0.0000000e+00   0.0000000e+00   0.0000000e+00   0.0000000e+00   0.0000000e+00   0.0000000e+00   0.0000000e+00   0.0000000e+00   0.0000000e+00   0.0000000e+00   0.0000000e+00   0.0000000e+00   0.0000000e+00   0.0000000e+00   0.0000000e+00   9.4036101e-04   0.0000000e+00   0.0000000e+00   0.0000000e+00   0.0000000e+00   0.0000000e+00   0.0000000e+00   0.0000000e+00   2.5893773e-02   8.2029705e-01   1.0000000e+00
   2.0468212e-01   0.0000000e+00   2.0928487e-02   0.0000000e+00   0.0000000e+00   0.0000000e+00   4.3226510e-03   0.0000000e+00   0.0000000e+00   0.0000000e+00   0.0000000e+00   0.0000000e+00   0.0000000e+00   0.0000000e+00   0.0000000e+00   0.0000000e+00   0.0000000e+00   0.0000000e+00   0.0000000e+00   0.0000000e+00   0.0000000e+00   6.0499834e-03   0.0000000e+00   0.0000000e+00   0.0000000e+00   0.0000000e+00   4.6648096e-02   0.0000000e+00   0.0000000e+00   0.0000000e+00   2.0468212e-01   5.2366651e-01   1.0000000e+00
   2.0388372e-01   0.0000000e+00   2.3124214e-03   1.2755814e-05   7.8052413e-02   0.0000000e+00   4.9808293e-02   9.7024634e-04   0.0000000e+00   2.4732065e-03   0.0000000e+00   2.3237711e-04   0.0000000e+00   0.0000000e+00   0.0000000e+00   0.0000000e+00   0.0000000e+00   3.9526511e-03   0.0000000e+00   0.0000000e+00   0.0000000e+00   8.4247757e-04   0.0000000e+00   0.0000000e+00   0.0000000e+00   3.7841365e-02   9.0383675e-03   0.0000000e+00   0.0000000e+00   7.0356516e-03   2.0388372e-01   5.3796673e-01   1.0000000e+00
   6.1457337e-03   0.0000000e+00   0.0000000e+00   0.0000000e+00   0.0000000e+00   0.0000000e+00   0.0000000e+00   0.0000000e+00   0.0000000e+00   0.0000000e+00   0.0000000e+00   0.0000000e+00   0.0000000e+00   0.0000000e+00   0.0000000e+00   0.0000000e+00   0.0000000e+00   0.0000000e+00   0.0000000e+00   0.0000000e+00   0.0000000e+00   0.0000000e+00   0.0000000e+00   0.0000000e+00   0.0000000e+00   0.0000000e+00   0.0000000e+00   0.0000000e+00   0.0000000e+00   0.0000000e+00   6.1457337e-03   9.2042605e-01   1.0000000e+00
   1.6318194e-03   0.0000000e+00   0.0000000e+00   0.0000000e+00   0.0000000e+00   0.0000000e+00   0.0000000e+00   6.8627065e-04   0.0000000e+00   0.0000000e+00   0.0000000e+00   0.0000000e+00   0.0000000e+00   0.0000000e+00   0.0000000e+00   0.0000000e+00   0.0000000e+00   0.0000000e+00   0.0000000e+00   0.0000000e+00   0.0000000e+00   0.0000000e+00   0.0000000e+00   0.0000000e+00   0.0000000e+00   3.6930465e-02   0.0000000e+00   0.0000000e+00   0.0000000e+00   0.0000000e+00   1.6318194e-03   9.5975531e-01   1.0000000e+00
   4.0246469e-03   0.0000000e+00   2.3429421e-03   0.0000000e+00   7.3988099e-02   0.0000000e+00   0.0000000e+00   0.0000000e+00   0.0000000e+00   0.0000000e+00   0.0000000e+00   0.0000000e+00   0.0000000e+00   0.0000000e+00   0.0000000e+00   0.0000000e+00   0.0000000e+00   0.0000000e+00   0.0000000e+00   0.0000000e+00   0.0000000e+00   0.0000000e+00   0.0000000e+00   0.0000000e+00   0.0000000e+00   0.0000000e+00   0.0000000e+00   0.0000000e+00   0.0000000e+00   0.0000000e+00   4.0246469e-03   9.3680245e-01   1.0000000e+00
   4.5988610e-04   0.0000000e+00   0.0000000e+00   0.0000000e+00   0.0000000e+00   0.0000000e+00   0.0000000e+00   0.0000000e+00   0.0000000e+00   5.6419808e-02   0.0000000e+00   2.6836102e-01   0.0000000e+00   0.0000000e+00   1.1257718e-01   0.0000000e+00   0.0000000e+00   0.0000000e+00   0.0000000e+00   9.1204561e-02   0.0000000e+00   0.0000000e+00   0.0000000e+00   0.0000000e+00   0.0000000e+00   0.0000000e+00   0.0000000e+00   0.0000000e+00   0.0000000e+00   0.0000000e+00   4.5988610e-04   9.8011771e-01   1.0000000e+00
   2.2823713e-01   0.0000000e+00   0.0000000e+00   0.0000000e+00   0.0000000e+00   0.0000000e+00   1.6412928e-01   6.8627065e-04   0.0000000e+00   0.0000000e+00   8.9744068e-03   0.0000000e+00   0.0000000e+00   0.0000000e+00   0.0000000e+00   0.0000000e+00   0.0000000e+00   0.0000000e+00   0.0000000e+00   0.0000000e+00   0.0000000e+00   0.0000000e+00   1.3319539e-04   0.0000000e+00   0.0000000e+00   3.6930465e-02   0.0000000e+00   0.0000000e+00   0.0000000e+00   0.0000000e+00   2.2823713e-01   3.7109043e-01   1.0000000e+00
   2.4996885e-01   0.0000000e+00   0.0000000e+00   0.0000000e+00   0.0000000e+00   0.0000000e+00   0.0000000e+00   0.0000000e+00   0.0000000e+00   0.0000000e+00   0.0000000e+00   0.0000000e+00   0.0000000e+00   0.0000000e+00   0.0000000e+00   0.0000000e+00   1.6163306e-02   0.0000000e+00   0.0000000e+00   0.0000000e+00   0.0000000e+00   0.0000000e+00   0.0000000e+00   0.0000000e+00   0.0000000e+00   0.0000000e+00   0.0000000e+00   0.0000000e+00   0.0000000e+00   1.1548223e-01   2.4996885e-01   2.6978474e-01   1.0000000e+00
   1.1856340e-03   0.0000000e+00   5.8460924e-03   4.2471919e-02   0.0000000e+00   0.0000000e+00   0.0000000e+00   0.0000000e+00   0.0000000e+00   0.0000000e+00   0.0000000e+00   7.7116243e-01   0.0000000e+00   0.0000000e+00   9.4676108e-02   0.0000000e+00   0.0000000e+00   0.0000000e+00   0.0000000e+00   1.3784883e-02   0.0000000e+00   0.0000000e+00   4.6263387e-02   0.0000000e+00   0.0000000e+00   0.0000000e+00   4.3995934e-03   0.0000000e+00   5.5019869e-03   0.0000000e+00   1.1856340e-03   9.6982908e-01   1.0000000e+00
   2.2204142e-01   0.0000000e+00   2.8728645e-04   0.0000000e+00   1.2663744e-03   0.0000000e+00   1.7718109e-01   2.1761698e-04   0.0000000e+00   9.7904804e-03   1.3471786e-03   0.0000000e+00   0.0000000e+00   0.0000000e+00   1.8747079e-03   0.0000000e+00   0.0000000e+00   1.9057222e-03   0.0000000e+00   5.2622889e-03   9.4643894e-03   1.3372799e-04   4.8143827e-03   2.1431391e-03   0.0000000e+00   9.4850417e-04   3.2918622e-03   0.0000000e+00   0.0000000e+00   1.0938543e-03   2.2204142e-01   4.1150412e-01   1.0000000e+00
   5.4792617e-02   0.0000000e+00   5.5828367e-03   0.0000000e+00   1.5621598e-01   0.0000000e+00   0.0000000e+00   0.0000000e+00   0.0000000e+00   0.0000000e+00   0.0000000e+00   0.0000000e+00   0.0000000e+00   0.0000000e+00   0.0000000e+00   0.0000000e+00   0.0000000e+00   0.0000000e+00   0.0000000e+00   0.0000000e+00   1.6872391e-02   2.5381446e-03   7.2413054e-02   0.0000000e+00   0.0000000e+00   0.0000000e+00   0.0000000e+00   0.0000000e+00   0.0000000e+00   0.0000000e+00   5.4792617e-02   7.2440363e-01   1.0000000e+00
   2.0556870e-02   0.0000000e+00   0.0000000e+00   0.0000000e+00   0.0000000e+00   5.0640724e-02   5.4483691e-03   0.0000000e+00   0.0000000e+00   2.8347047e-02   1.4752133e-02   0.0000000e+00   0.0000000e+00   0.0000000e+00   5.2717654e-04   1.6322707e-02   0.0000000e+00   0.0000000e+00   0.0000000e+00   0.0000000e+00   6.6501325e-02   2.4109104e-02   0.0000000e+00   0.0000000e+00   0.0000000e+00   0.0000000e+00   0.0000000e+00   0.0000000e+00   0.0000000e+00   4.6271253e-02   2.0556870e-02   8.5046766e-01   1.0000000e+00
   5.5648388e-02   0.0000000e+00   0.0000000e+00   0.0000000e+00   4.0800120e-02   0.0000000e+00   0.0000000e+00   0.0000000e+00   0.0000000e+00   6.0010658e-02   0.0000000e+00   0.0000000e+00   0.0000000e+00   0.0000000e+00   3.7405762e-03   0.0000000e+00   0.0000000e+00   0.0000000e+00   0.0000000e+00   0.0000000e+00   0.0000000e+00   0.0000000e+00   0.0000000e+00   1.1649730e-02   0.0000000e+00   0.0000000e+00   0.0000000e+00   0.0000000e+00   0.0000000e+00   0.0000000e+00   5.5648388e-02   7.1537474e-01   1.0000000e+00
   2.0257532e-01   0.0000000e+00   2.7212458e-03   0.0000000e+00   1.0846056e-02   0.0000000e+00   0.0000000e+00   2.0613199e-03   0.0000000e+00   6.4791940e-02   8.9154273e-03   0.0000000e+00   0.0000000e+00   0.0000000e+00   1.2655830e-01   0.0000000e+00   0.0000000e+00   1.8051455e-02   0.0000000e+00   4.3940435e-02   8.9648953e-02   2.0839593e-03   0.0000000e+00   1.4182975e-02   0.0000000e+00   8.9844576e-03   3.1181304e-02   0.0000000e+00   0.0000000e+00   1.0361249e-02   2.0257532e-01   5.6306473e-01   1.0000000e+00
   9.2086756e-05   0.0000000e+00   0.0000000e+00   0.0000000e+00   0.0000000e+00   0.0000000e+00   0.0000000e+00   0.0000000e+00   0.0000000e+00   6.7698537e-02   9.3153775e-03   0.0000000e+00   0.0000000e+00   0.0000000e+00   1.3223576e-01   0.0000000e+00   0.0000000e+00   0.0000000e+00   0.0000000e+00   4.5911624e-02   0.0000000e+00   8.5391838e-04   0.0000000e+00   1.4819230e-02   0.0000000e+00   0.0000000e+00   0.0000000e+00   0.0000000e+00   0.0000000e+00   0.0000000e+00   9.2086756e-05   9.9078310e-01   1.0000000e+00
   5.6784829e-03   7.0431353e-03   2.8331534e-04   3.0247019e-02   0.0000000e+00   2.2246563e-05   2.1296623e-03   1.8814097e-02   0.0000000e+00   1.1290314e-01   2.0154034e-03   1.2743968e-04   2.3777075e-04   5.8325103e-05   9.5085860e-03   3.8271552e-02   1.4766592e-04   0.0000000e+00   0.0000000e+00   0.0000000e+00   1.9905292e-04   1.2825091e-04   0.0000000e+00   1.0629932e-01   2.3622022e-01   1.6672884e-01   7.2499417e-04   3.3564956e-04   0.0000000e+00   1.3566311e-01   5.6784829e-03   9.3232337e-01   1.0000000e+00
   2.1652918e-01   0.0000000e+00   0.0000000e+00   0.0000000e+00   0.0000000e+00   0.0000000e+00   0.0000000e+00   0.0000000e+00   0.0000000e+00   0.0000000e+00   0.0000000e+00   0.0000000e+00   0.0000000e+00   3.0071862e-02   0.0000000e+00   0.0000000e+00   0.0000000e+00   0.0000000e+00   0.0000000e+00   0.0000000e+00   3.1425365e-02   0.0000000e+00   1.1775813e-01   0.0000000e+00   0.0000000e+00   0.0000000e+00   0.0000000e+00   0.0000000e+00   0.0000000e+00   0.0000000e+00   2.1652918e-01   4.4530927e-01   1.0000000e+00
   2.3220752e-01   0.0000000e+00   0.0000000e+00   0.0000000e+00   0.0000000e+00   0.0000000e+00   4.8574538e-03   0.0000000e+00   0.0000000e+00   3.1506023e-02   7.6012710e-03   0.0000000e+00   0.0000000e+00   0.0000000e+00   2.9384548e-03   0.0000000e+00   0.0000000e+00   0.0000000e+00   0.0000000e+00   1.9639050e-02   0.0000000e+00   2.6672465e-02   1.2117135e-03   8.0069042e-03   0.0000000e+00   0.0000000e+00   0.0000000e+00   0.0000000e+00   0.0000000e+00   0.0000000e+00   2.3220752e-01   3.3480155e-01   1.0000000e+00
   7.5862160e-03   0.0000000e+00   2.3643095e-03   0.0000000e+00   7.4662863e-02   0.0000000e+00   8.2951447e-04   6.8627065e-04   0.0000000e+00   0.0000000e+00   0.0000000e+00   0.0000000e+00   0.0000000e+00   0.0000000e+00   0.0000000e+00   0.0000000e+00   0.0000000e+00   0.0000000e+00   0.0000000e+00   0.0000000e+00   1.2305476e-03   0.0000000e+00   0.0000000e+00   0.0000000e+00   0.0000000e+00   3.6930465e-02   0.0000000e+00   0.0000000e+00   0.0000000e+00   0.0000000e+00   7.5862160e-03   9.1270847e-01   1.0000000e+00
   3.6446873e-02   0.0000000e+00   3.0416785e-03   3.1821020e-03   0.0000000e+00   0.0000000e+00   0.0000000e+00   6.8627065e-04   0.0000000e+00   0.0000000e+00   0.0000000e+00   1.7058374e-02   0.0000000e+00   0.0000000e+00   0.0000000e+00   0.0000000e+00   0.0000000e+00   7.7419996e-02   0.0000000e+00   0.0000000e+00   0.0000000e+00   0.0000000e+00   0.0000000e+00   0.0000000e+00   0.0000000e+00   3.6930465e-02   0.0000000e+00   0.0000000e+00   0.0000000e+00   5.1513959e-02   3.6446873e-02   7.8313009e-01   1.0000000e+00
   3.7490534e-02   0.0000000e+00   1.5342257e-03   0.0000000e+00   7.8695205e-04   0.0000000e+00   0.0000000e+00   0.0000000e+00   0.0000000e+00   0.0000000e+00   0.0000000e+00   0.0000000e+00   0.0000000e+00   0.0000000e+00   0.0000000e+00   0.0000000e+00   0.0000000e+00   0.0000000e+00   0.0000000e+00   0.0000000e+00   0.0000000e+00   4.2667413e-02   1.9178909e-02   0.0000000e+00   0.0000000e+00   0.0000000e+00   0.0000000e+00   0.0000000e+00   0.0000000e+00   0.0000000e+00   3.7490534e-02   7.7431862e-01   1.0000000e+00
   2.0147638e-01   0.0000000e+00   0.0000000e+00   0.0000000e+00   0.0000000e+00   5.1121773e-02   1.5546574e-01   0.0000000e+00   0.0000000e+00   2.9278911e-02   0.0000000e+00   4.3598638e-02   0.0000000e+00   0.0000000e+00   5.7920360e-04   2.3580603e-02   0.0000000e+00   0.0000000e+00   0.0000000e+00   0.0000000e+00   0.0000000e+00   0.0000000e+00   0.0000000e+00   0.0000000e+00   0.0000000e+00   0.0000000e+00   0.0000000e+00   0.0000000e+00   0.0000000e+00   7.1956199e-02   2.0147638e-01   5.6684680e-01   1.0000000e+00
